1 2.900474202
1 2.900196173
1 2.876660023
1 2.864282734
1 2.869354296
1 2.87270254
1 2.916733619
1 3.026629734
1 2.936546097
1 2.937379021
2 3.069052274
2 3.119733345
2 3.101843815
2 3.09639941
2 3.05988704
2 3.073449729
2 3.100327625
2 3.060745483
2 3.128134832
2 3.15361616
3 3.108955252
3 3.060120361
3 3.034421279
3 3.158474994
3 3.093291813
3 3.120384032
3 3.10896521
3 3.100333332
3 3.100398185
3 3.165271007
9 3.126782086
9 3.131722803
9 3.06768737
9 3.080066858
9 3.131379626
9 3.155665963
9 3.131752548
9 3.142578703
9 3.129600246
9 3.091652449
17 3.085964953
17 3.091829322
17 3.110412449
17 3.124315301
17 3.117058517
17 3.151693849
17 3.152950617
17 3.175717254
17 3.052915376
17 3.124950001
19 3.121375419
19 3.096077655
19 3.101475464
19 3.093903015
19 3.098985197
19 3.186189438
19 3.165862182
19 3.097304291
19 3.139311692
19 3.187871994
77 3.214562242
77 3.122099604
77 3.159295361
77 3.207393754
77 3.175290956
77 3.361476613
77 3.237690125
77 3.232982852
77 3.130604029
77 3.14941752
