1 0.000102402
1 9.9116e-05
1 0.000102703
1 0.000101511
1 9.9096e-05
1 0.000102032
1 0.000104916
1 0.000102723
1 0.000102593
1 0.000123281
2 0.000111199
2 0.000109365
2 0.000111479
2 0.000110077
2 0.000110417
2 0.000112301
2 0.00011182
2 0.000110337
2 0.000108974
2 0.000108874
3 0.000111429
3 0.000106038
3 0.00010669
3 0.000119544
3 0.00010684
3 0.000108885
3 0.00010666
3 0.00010658
3 0.000110127
3 0.000105247
9 0.000110387
9 0.000108774
9 0.000110136
9 0.000109245
9 0.000121117
9 0.000109285
9 0.000110076
9 0.000107952
9 0.000116609
9 0.000110167
17 0.000109114
17 0.000108273
17 0.000120065
17 0.000109496
17 0.00011697
17 0.000108954
17 0.000109796
17 0.000108845
17 0.000109485
17 0.000107712
19 0.000112632
19 0.000112361
19 0.00011183
19 0.000110246
19 0.000115567
19 0.000112411
19 0.000111399
19 0.000128491
19 0.000112692
19 0.000113563
77 0.00011165
77 0.000109315
77 0.00010666
77 0.000108353
77 0.000110427
77 0.000106369
77 0.000108343
77 0.000108253
77 0.000145664
77 0.000108333
