1.062135532
1.061121727
1.060648403
1.061390752
1.06131553
1.062083762
1.060115826
1.060934609
1.056147691
1.05659098
0.954652801
0.947410581
0.97130862
0.964089252
0.950448292
0.949712975
0.946954155
0.944385292
0.948385295
0.946524272
1.397393403
1.403330813
1.404799369
1.402525624
1.400054693
1.401042208
1.402887212
1.404840495
1.401070197
1.400706947
3.550260033
3.554375505
3.555197571
3.561047899
3.557067565
3.549703904
3.547263247
3.552566355
3.54616612
3.555188373
7.462584773
7.440869992
7.459524861
7.441297335
7.461031738
7.44359739
7.4607813
7.441988181
7.461241737
7.440458612
6.231012244
6.223682595
6.238735275
6.209374397
6.226128969
6.211236692
6.231274079
6.225102241
6.244262906
6.231343969
56.581027411
56.526437415
56.493425672
56.496092533
56.489576736
56.517697285
56.487523142
56.471357016
56.465192913
56.456083052
