1.219478511
0.967161707
0.963089602
0.962794904
0.962384307
0.963520625
0.964869598
0.964482911
0.959304755
0.962349886
0.269292848
0.269738102
0.268481752
0.269589243
0.269005973
0.269813402
0.269341414
0.269925856
0.269453023
0.268618318
2.054604272
2.058771729
2.062558894
2.055163367
2.06597325
2.056885646
2.070674798
2.073167555
2.074937753
2.053717629
3.742343828
3.756099367
3.752890766
3.730234602
3.75150212
3.746057415
3.737762223
3.949871376
3.760739067
3.760610679
13.320081346
13.19388086
13.342726913
13.14192988
13.2521143
13.123223043
13.31349718
13.103159311
13.081064736
13.094957169
30.966440435
31.00437115
31.058574313
31.057706587
31.124064741
31.231612647
31.205227096
30.841744845
30.913647442
30.918618537
73.539591289
74.192709208
73.440617629
74.122387169
75.005319893
72.718816683
73.010877379
73.08913902
73.136790374
73.177909693
