1 3.684442996
1 3.636862427
1 3.631398846
1 3.627961661
1 3.73823044
1 3.61367285
1 3.622011176
1 3.649522683
1 3.716911431
1 3.768298693
2 3.313398766
2 3.327371144
2 3.328495817
2 3.26322286
2 3.303175737
2 3.250734329
2 3.323026371
2 3.383443028
2 3.384646691
2 3.33698416
3 5.00604512
3 4.98298163
3 4.946705698
3 4.977291213
3 4.840838357
3 4.908393118
3 4.941666382
3 4.920322247
3 5.013121632
3 4.965114196
9 6.607491797
9 6.844832745
9 6.604262534
9 6.728825609
9 6.57117663
9 6.64875462
9 6.689592759
9 6.925060524
9 6.64701749
9 6.684130167
17 15.414957193
17 15.004378039
17 14.828113562
17 15.294072318
17 15.033765054
17 15.104595701
17 14.941040322
17 15.014637642
17 15.367267694
17 15.065036115
19 32.406858515
19 33.233114994
19 32.483888602
19 31.938085888
19 32.803164208
19 33.070205833
19 32.255337623
19 32.008527243
19 31.80890079
19 32.093436572
77 69.122208293
77 69.358138286
77 70.366580105
77 69.999710062
77 70.527631639
77 70.08522352
77 70.74662927
77 71.563314327
77 68.266404609
77 68.126136649
